1.000E-02 2.224E+01 
1.250E-02 1.869E+01 
1.500E-02 1.621E+01 
1.750E-02 1.438E+01 
2.000E-02 1.296E+01 
2.500E-02 1.091E+01 
3.000E-02 9.488E+00 
3.500E-02 8.443E+00 
4.000E-02 7.640E+00 
4.500E-02 7.003E+00 
5.000E-02 6.484E+00 
5.500E-02 6.054E+00 
6.000E-02 5.691E+00 
7.000E-02 5.111E+00 
8.000E-02 4.669E+00 
9.000E-02 4.320E+00 
1.000E-01 4.038E+00 
1.250E-01 3.523E+00 
1.500E-01 3.176E+00 
1.750E-01 2.926E+00 
2.000E-01 2.739E+00 
2.500E-01 2.479E+00 
3.000E-01 2.309E+00 
3.500E-01 2.192E+00 
4.000E-01 2.106E+00 
4.500E-01 2.040E+00 
5.000E-01 1.989E+00 
5.500E-01 1.950E+00 
6.000E-01 1.918E+00 
7.000E-01 1.871E+00 
8.000E-01 1.840E+00 
9.000E-01 1.819E+00 
1.000E+00 1.804E+00 
1.250E+00 1.786E+00 
1.500E+00 1.781E+00 
1.750E+00 1.783E+00 
2.000E+00 1.789E+00 
2.500E+00 1.806E+00 
3.000E+00 1.825E+00 
3.500E+00 1.845E+00 
4.000E+00 1.865E+00 
4.500E+00 1.884E+00 
5.000E+00 1.902E+00 
5.500E+00 1.920E+00 
6.000E+00 1.938E+00 
7.000E+00 1.971E+00 
8.000E+00 2.003E+00 
9.000E+00 2.033E+00 
1.000E+01 2.062E+00 
1.250E+01 2.131E+00 
1.500E+01 2.196E+00 
1.750E+01 2.259E+00 
2.000E+01 2.320E+00 
2.500E+01 2.439E+00 
3.000E+01 2.554E+00 
3.500E+01 2.669E+00 
4.000E+01 2.782E+00 
4.500E+01 2.894E+00 
5.000E+01 3.006E+00 
5.500E+01 3.118E+00 
6.000E+01 3.230E+00 
7.000E+01 3.452E+00 
8.000E+01 3.675E+00 
9.000E+01 3.897E+00 
1.000E+02 4.120E+00 
1.250E+02 4.676E+00 
1.500E+02 5.233E+00 
1.750E+02 5.790E+00 
2.000E+02 6.348E+00 
2.500E+02 7.466E+00 
3.000E+02 8.586E+00 
3.500E+02 9.707E+00 
4.000E+02 1.083E+01 
4.500E+02 1.195E+01 
5.000E+02 1.308E+01 
5.500E+02 1.420E+01 
6.000E+02 1.533E+01 
7.000E+02 1.758E+01 
8.000E+02 1.984E+01 
9.000E+02 2.210E+01 
1.000E+03 2.436E+01 